10.0019 947
20.0086 958
30.0095 1049
40.0113 1096
50.0139 990
60.0332 3006
70.0398 1019
80.0566 1008
90.0581 1001
100.083 1045
110.086 3083
120.086 1019
130.09 1035
140.09 1033
150.092 1044
160.094 990
170.109 3005
180.115 1088
190.117 983
200.117 1011
210.127 1026
220.127 3081
230.135 1023
240.157 1033
250.159 1032
260.163 954
270.165 1066
280.179 2989
290.179 1037
300.186 1010
310.207 990
320.232 1062
330.248 2984
340.255 924
350.256 979
360.258 956
370.27 965
380.271 1075
390.284 3031
400.294 1016
410.313 1021
420.316 940
430.344 971
440.354 2939
450.366 934
460.391 1038
470.397 953
480.411 948
490.422 1073
500.428 2833
510.43 1009
520.433 1010
530.439 1050
540.441 980
550.449 3047
560.469 1013
570.488 1032
580.544 969
590.555 1039
600.555 1117
610.564 2869
620.63 1003
630.658 989
640.659 1003
650.662 974
660.67 2915
670.687 966
680.693 1033
690.71 950
700.711 986
710.712 1189
720.724 2798
730.726 1082
740.728 996
750.736 978
760.739 1007
770.742 3004
780.744 999
790.79 955
800.795 1013
810.797 1046
820.797 1194
830.805 2781
840.806 1039
850.811 1056
860.819 1015
870.827 1032
880.831 2891
890.838 1008
900.865 1015
910.882 1053
920.886 986
930.887 1227
940.891 2685
950.917 987
960.927 1012
970.927 961
980.939 1016
990.942 2969
1000.95 981
1010.95 1035
1020.95 977
1030.98 1023
1040.99 1252
1050.99 2587
1060.99 1011
1071 982
1081 1028
1091.01 953
1101.02 2973
1111.02 1048
1121.02 1054
1131.02 1009
1141.03 1014
1151.03 1284
1161.05 2746
1171.06 1064
1181.07 990
1191.07 1042
1201.08 1074
1211.09 3042
1221.09 1021
1231.09 1000
1241.09 1037
1251.1 1027
1261.1 1314
1271.1 2628
1281.11 1018
1291.11 1013
1301.12 983
1311.14 1017
1321.14 3029
1331.15 943
1341.16 973
1351.16 1015
1361.17 970
1371.17 1316
1381.19 2669
1391.21 987
1401.22 1007
1411.24 957
1421.28 1023
1431.29 3027
1441.32 983
1451.32 970
1461.37 980
1471.37 961
1481.37 1432
1491.37 2611
1501.38 1000
1511.39 987
1521.4 1031
1531.42 964
1541.43 2971
1551.43 1068
1561.44 1005
1571.45 1044
1581.45 1067
1591.46 1437
1601.48 2620
1611.5 1009
1621.5 1009
1631.5 985
1641.51 952
1651.52 2941
1661.53 1032
1671.54 1007
1681.57 1031
1691.6 1011
1701.6 1527
1711.6 2591
1721.61 1028
1731.62 985
1741.64 1047
1751.64 1006
1761.65 2933
1771.67 963
1781.67 1044
1791.67 1053
1801.68 978
1811.68 1533
1821.68 2553
1831.71 1001
1841.71 1016
1851.72 964
1861.72 1040
1871.73 3052
1881.73 1003
1891.73 1002
1901.75 1013
1911.77 945
1921.77 1544
1931.77 2467
1941.82 945
1951.83 1023
1961.84 1070
1971.85 975
1981.87 3004
1991.87 967
