0 10 20 12 7 10 10 8 13 8 9 16 6 4 10 9 6 12 8 16 8 8 9 7 12 17 16 6 6 13 7 2 11 6 12 9 5 12 7 6 4 7 9 13 11 8 8 8 8 6 7 7 6 7 16 12 9 8 16 8 11 10 14 5 7 4 11 10 12 10 8 14 11 10 13 12 12 9 10 12 10 10 4 11 12 11 11 7 11 10 6 9 10 6 7 15 11 9 10 8 3
1 10 16 10 12 5 9 8 13 12 13 11 9 5 17 13 12 12 9 11 13 9 14 10 11 11 8 8 16 16 11 16 10 4 5 9 7 8 11 13 11 10 10 13 13 10 11 9 12 9 13 11 6 9 11 7 6 12 10 8 9 9 4 15 7 10 10 10 21 4 9 11 6 9 8 8 11 12 7 11 10 7 12 8 9 9 9 9 6 14 10 8 7 11 15 13 11 10 7 12 12
2 9 6 7 11 15 14 11 4 9 12 13 16 10 11 12 18 9 14 8 5 13 5 17 17 12 16 20 14 11 10 9 6 12 8 8 3 11 11 10 10 9 8 12 12 11 12 15 5 8 14 20 13 15 13 8 17 8 15 11 12 7 13 13 6 10 7 12 9 11 10 11 15 8 16 7 13 11 9 12 10 10 4 10 2 13 12 11 12 11 10 9 8 11 7 15 12 7 11 10 9
3 7 7 10 6 10 13 8 10 8 8 17 13 9 9 9 14 11 10 13 11 15 12 12 10 10 10 9 11 6 11 9 14 8 16 14 9 10 6 11 5 9 10 10 8 11 7 12 8 7 10 11 10 12 4 10 12 12 16 13 12 12 8 6 8 6 8 12 4 8 9 11 13 12 12 5 7 14 16 9 10 6 9 10 8 7 12 5 12 9 11 4 5 8 14 9 14 4 14 7 14
4 10 11 9 15 12 10 11 16 11 9 9 11 9 11 9 10 14 5 8 8 14 10 13 10 9 9 10 12 10 6 10 12 15 8 11 8 10 5 19 10 10 9 15 10 5 13 8 20 9 9 3 8 8 10 9 11 10 6 16 14 16 14 10 10 6 10 11 0 4 9 14 4 13 7 10 6 10 11 5 16 13 11 10 6 13 14 5 10 5 17 8 6 7 6 14 12 7 7 10 7
5 21 26 33 24 29 30 33 27 30 34 40 38 28 34 34 31 20 33 40 40 23 29 36 27 24 30 29 33 26 36 37 32 37 27 32 31 27 24 37 29 39 19 29 34 35 20 29 35 23 21 30 29 39 19 32 33 24 28 28 30 30 36 42 30 31 22 37 31 32 30 24 25 36 29 39 32 24 28 22 16 30 48 44 29 27 34 30 41 44 29 35 38 34 30 28 28 25 24 34 34
6 13 6 5 9 9 15 14 12 10 6 12 10 7 8 14 10 10 5 11 5 12 12 8 12 5 5 3 8 9 6 9 7 9 12 8 7 14 6 11 14 13 12 9 10 10 6 11 17 11 10 13 12 13 9 15 10 13 14 9 6 13 14 7 10 8 15 14 6 6 12 9 13 8 11 10 9 11 10 4 13 10 9 10 11 9 10 13 11 12 8 6 10 14 9 7 8 10 16 10 9
7 13 10 7 12 6 5 8 10 8 10 13 11 14 15 6 20 11 10 7 10 12 13 11 5 5 18 9 5 10 15 5 11 9 14 10 7 7 7 7 5 13 20 12 13 4 7 14 8 15 13 7 4 11 8 15 10 10 10 14 12 9 8 9 12 15 13 13 7 12 6 7 8 8 13 10 13 6 12 10 8 9 12 13 7 9 9 5 13 11 13 8 10 8 17 12 9 11 12 9 10
8 12 9 11 9 12 13 14 10 5 8 13 15 8 10 14 13 11 9 11 16 1 9 6 6 7 13 12 8 11 12 8 11 8 7 11 12 12 14 13 11 15 7 8 16 13 11 18 9 7 10 11 11 18 16 14 8 15 5 12 15 10 16 9 8 10 8 8 13 8 7 15 12 6 14 10 13 12 17 12 12 7 12 10 12 8 12 14 13 7 8 14 14 10 7 9 7 8 9 8 7
9 10 9 12 5 4 10 12 12 10 13 10 8 8 7 12 9 4 13 11 8 8 12 5 8 8 15 8 11 7 8 6 14 10 11 12 10 14 8 9 15 11 16 7 12 10 5 11 12 10 11 11 12 10 9 9 14 11 11 9 8 11 10 11 13 11 7 13 11 8 9 16 6 9 7 9 11 9 11 12 8 7 7 11 9 8 12 6 10 9 12 11 10 6 12 13 17 9 15 16 7
10 28 42 37 25 40 28 27 32 28 38 35 32 26 31 30 29 33 24 32 35 31 21 38 32 26 28 36 32 24 23 29 29 36 31 35 24 24 20 33 27 28 27 27 31 24 40 27 32 34 24 32 33 32 29 31 29 28 36 33 30 31 33 26 34 35 26 35 36 37 39 26 17 41 26 34 30 23 24 35 25 31 31 26 26 25 30 30 23 35 31 32 27 22 24 38 33 32 28 25 29
11 10 13 8 13 11 10 12 13 7 12 9 13 13 9 12 7 8 4 9 10 8 16 10 14 7 9 9 10 8 8 12 8 14 7 10 10 8 8 10 9 15 13 11 10 11 13 13 12 13 8 10 11 10 5 13 8 11 4 6 6 12 8 12 12 8 9 7 5 8 6 7 15 8 16 7 10 3 8 8 10 11 7 7 12 8 9 9 7 12 15 9 3 11 11 9 5 16 6 6 15
12 11 10 8 7 4 12 8 12 5 11 14 12 16 13 9 9 12 11 6 15 14 16 14 9 6 16 13 12 15 12 11 8 15 9 9 15 8 10 7 12 12 11 11 11 9 11 8 7 8 7 8 10 8 11 8 9 16 13 3 14 9 11 11 11 8 9 9 16 7 13 8 8 9 13 7 13 8 10 9 8 10 14 9 15 6 12 6 10 12 8 13 10 13 15 12 11 12 13 10 12
13 13 18 9 7 10 9 10 8 4 14 8 6 8 9 15 5 19 4 13 7 4 8 6 7 8 11 8 11 10 9 9 12 2 6 8 11 13 5 4 7 5 5 15 9 9 6 10 11 13 8 10 6 9 12 10 11 3 9 8 12 12 8 9 9 11 10 8 9 6 5 10 15 10 7 12 15 17 15 10 13 13 13 9 5 12 6 8 10 11 10 10 6 6 11 15 8 10 11 8 6
14 12 10 4 14 6 11 9 7 4 9 10 8 9 4 14 13 7 14 5 6 8 13 14 8 6 11 11 9 5 12 14 12 11 17 15 10 6 6 13 11 9 13 8 17 5 8 4 15 9 11 11 6 17 5 7 13 8 10 12 8 14 8 7 9 12 12 7 6 8 20 6 8 6 8 11 11 10 10 7 8 7 13 7 18 11 16 10 9 8 8 10 15 10 8 10 14 12 5 9 8
15 7 11 10 4 9 9 15 7 7 11 12 9 13 7 8 7 14 10 2 8 11 8 7 9 7 15 12 10 10 9 11 5 12 11 10 7 8 12 8 18 16 6 17 7 9 13 6 8 13 5 11 6 14 9 10 8 15 10 9 9 11 7 8 11 8 9 15 9 8 10 18 14 8 6 13 24 16 8 6 9 13 16 11 6 11 7 9 8 14 13 5 16 13 18 3 10 12 8 9 10
16 34 24 25 31 43 24 32 31 34 35 31 18 26 26 32 35 27 34 30 27 35 35 32 33 25 32 31 28 31 23 35 29 25 26 29 26 24 44 28 33 30 26 27 31 31 30 23 32 28 31 32 35 40 31 28 34 33 39 28 29 33 26 32 28 24 35 28 29 28 28 19 25 28 23 32 33 30 27 35 37 30 42 28 22 28 27 21 19 25 25 31 26 29 29 35 37 25 30 17 29
17 11 8 10 10 10 17 14 13 10 7 8 12 13 6 13 11 17 15 10 3 14 10 10 9 13 8 7 14 9 11 8 9 7 13 8 10 9 10 8 14 12 14 12 7 7 12 5 13 11 11 7 9 11 9 8 6 9 11 13 6 9 7 14 12 12 8 14 7 8 11 5 8 6 6 15 9 6 17 12 9 9 12 7 19 9 7 9 5 17 6 11 14 3 9 8 10 10 15 7 7
18 11 9 8 7 8 17 14 15 8 12 9 16 9 14 10 5 14 6 7 6 7 7 7 9 13 10 18 8 16 7 11 10 6 7 8 12 12 6 9 11 9 9 14 10 11 8 7 11 9 9 6 12 6 7 10 14 5 11 6 8 15 13 5 14 8 13 10 9 12 6 9 11 11 14 7 15 14 11 9 9 11 18 9 16 6 10 10 15 7 10 6 6 3 8 13 5 22 19 9 10
19 10 19 5 9 12 9 14 10 9 6 14 9 9 8 12 10 15 13 11 9 11 8 10 10 9 14 11 9 14 12 11 13 11 9 10 10 6 11 6 9 12 9 9 8 12 9 13 16 19 13 10 11 10 8 14 11 5 15 5 7 9 6 5 5 5 13 10 8 17 9 15 9 14 11 6 11 6 9 14 13 17 9 11 6 11 8 11 11 13 8 18 12 9 8 10 12 6 14 10 9
20 6 11 12 9 9 5 14 7 5 16 15 6 6 9 11 11 12 13 10 17 10 10 4 9 18 15 18 10 6 12 12 13 8 15 6 8 9 14 12 12 9 9 10 13 7 13 13 11 8 12 12 14 12 13 13 11 8 10 11 10 9 9 5 14 9 14 10 13 8 9 8 17 8 12 4 6 13 13 12 9 16 9 9 10 13 7 13 9 13 10 14 16 7 8 6 14 10 12 11 6
21 26 28 22 31 28 30 27 38 38 27 31 34 40 34 28 26 31 27 24 33 23 31 22 33 20 33 23 33 36 28 25 35 32 27 34 36 23 32 23 24 28 27 26 31 31 31 25 23 28 30 24 26 27 32 29 38 22 24 26 33 30 30 25 25 25 28 32 29 21 32 27 39 33 35 36 31 22 28 31 37 18 30 33 32 34 25 25 33 34 26 30 28 27 31 31 29 24 32 30 27
22 14 3 8 4 10 13 5 9 5 12 11 8 8 11 10 13 11 11 11 12 9 10 10 12 11 10 11 10 7 13 19 11 11 11 8 11 17 13 4 13 8 12 9 9 4 7 11 11 9 8 11 11 3 13 11 5 15 8 6 11 12 11 10 8 11 13 7 9 4 10 19 9 9 7 7 10 7 15 7 9 6 10 16 7 11 12 11 10 10 19 8 8 5 13 8 14 8 10 15 7
23 11 6 16 8 8 14 8 12 11 8 10 8 10 8 13 8 8 11 7 10 6 8 5 11 10 10 6 13 7 11 12 7 7 21 12 11 7 6 14 12 6 7 9 15 10 9 7 10 13 6 12 10 16 11 7 13 11 13 9 6 9 14 10 13 7 13 11 9 9 9 5 11 5 15 10 8 10 9 4 7 3 3 13 12 18 11 9 8 8 8 9 16 13 8 14 10 10 8 8 8
24 4 7 7 7 10 13 12 10 7 5 8 12 5 8 8 8 6 8 16 9 10 11 14 10 11 7 12 15 11 10 11 11 7 17 7 9 11 7 10 12 10 18 9 9 8 14 8 8 11 7 13 13 15 9 7 12 16 12 13 12 9 8 14 14 8 8 7 11 13 18 14 9 6 12 16 7 5 10 8 12 10 14 8 9 11 7 14 14 11 5 6 8 8 11 7 9 13 14 4 11
25 10 12 15 12 13 15 7 6 9 15 5 11 10 9 10 16 8 10 10 12 5 7 6 9 9 14 12 12 8 12 7 13 12 8 17 9 11 8 10 15 16 13 8 10 9 10 7 13 7 13 15 6 9 13 5 10 4 13 13 3 9 15 10 9 12 14 6 12 12 8 9 12 5 5 8 13 11 7 8 9 13 9 10 16 5 10 12 11 8 14 7 14 8 11 7 12 9 15 10 6
26 15 3 16 9 4 13 15 11 6 7 8 12 10 11 19 3 11 11 7 12 11 10 12 7 15 11 11 7 13 8 13 14 5 6 9 7 9 9 11 13 10 15 10 8 7 6 10 16 5 12 11 9 18 10 6 14 9 14 11 7 3 12 11 13 15 8 4 9 12 14 9 12 12 9 8 8 7 10 11 8 9 16 11 12 11 13 13 9 10 12 11 12 5 10 16 9 12 12 14 11
27 32 33 29 30 33 33 32 31 39 24 30 33 35 37 40 35 19 41 39 23 24 19 27 22 32 30 36 40 22 27 34 23 36 26 24 33 39 28 24 29 28 26 31 26 36 30 32 22 30 39 24 28 34 28 33 26 35 27 27 30 31 33 31 29 28 27 30 31 31 35 30 27 29 33 31 24 18 21 30 31 22 17 26 26 24 24 33 36 33 30 29 34 39 32 43 27 29 26 28 23
28 10 15 8 14 12 16 9 11 4 9 9 10 12 13 8 6 8 6 11 10 8 10 4 4 11 11 11 11 9 14 12 10 7 20 10 8 8 13 19 7 9 12 9 12 9 10 9 5 13 9 12 10 5 9 17 16 9 16 9 7 10 8 5 10 9 10 10 13 11 10 11 9 13 9 5 12 11 10 6 8 6 12 15 19 7 9 8 13 12 11 12 11 11 14 10 15 8 12 10 8
29 9 11 6 10 12 9 13 12 12 12 12 5 10 7 9 5 18 16 13 13 3 19 5 8 7 7 6 9 12 10 10 7 13 13 14 11 8 14 11 12 9 12 10 13 13 9 16 11 8 8 13 4 6 12 9 10 8 11 12 13 8 13 9 9 4 11 8 14 9 5 13 7 13 12 9 10 9 19 5 6 11 6 18 8 11 10 14 12 12 9 6 9 5 8 10 8 11 8 13 10
30 13 6 12 6 11 13 8 8 13 13 6 8 10 5 14 10 12 7 9 12 4 7 12 14 12 7 7 7 9 10 7 11 3 8 7 11 10 12 10 11 13 5 8 9 10 7 5 7 12 10 6 11 6 11 4 10 9 12 8 10 12 5 9 9 8 9 12 14 18 14 8 10 6 8 13 10 4 14 16 8 8 10 11 7 7 11 12 7 6 10 18 8 11 6 5 12 6 10 8 7
31 6 9 11 10 7 7 9 9 17 9 8 7 8 9 12 13 11 11 10 7 17 14 7 9 15 5 5 9 10 8 6 16 9 14 11 15 11 7 6 13 11 7 8 8 14 6 9 7 4 12 9 7 11 11 8 12 14 8 8 11 6 18 6 13 11 9 11 8 13 14 12 15 9 6 6 14 10 10 13 12 7 12 12 9 7 12 14 10 11 11 15 10 11 12 14 7 11 14 18 18
32 30 34 32 27 24 34 29 37 25 20 28 37 37 36 27 28 30 38 22 24 34 30 28 26 34 28 24 33 33 23 26 36 29 32 31 29 28 34 25 24 26 33 31 30 27 32 30 33 22 23 31 29 32 31 25 30 21 26 36 19 23 24 31 32 29 27 20 29 23 27 26 29 28 36 32 30 30 30 35 36 24 37 25 30 37 19 40 30 34 29 30 20 30 32 29 34 39 25 23 22
33 11 11 10 9 12 5 6 10 11 9 4 11 10 15 13 4 8 12 6 12 8 12 12 9 16 7 19 10 14 8 8 8 12 7 7 5 14 15 9 12 11 9 14 7 9 10 10 8 18 14 6 4 9 7 9 9 8 9 12 11 11 8 6 9 12 7 7 13 5 14 8 7 7 8 5 11 6 10 17 5 6 13 14 9 15 11 12 12 11 9 12 10 12 16 12 10 12 14 10 11
34 14 12 10 9 7 17 5 12 7 9 8 9 12 10 11 4 7 9 17 6 9 11 14 12 6 13 7 11 10 9 6 13 13 11 7 11 10 12 6 13 7 14 12 12 13 5 10 22 9 9 16 7 8 10 10 5 11 11 13 7 9 9 11 3 8 5 12 11 10 17 8 9 10 11 11 18 11 7 9 9 16 5 4 13 8 16 13 9 10 7 5 5 10 9 15 12 11 8 11 11
35 10 17 9 6 9 5 7 6 14 6 9 9 13 10 8 9 9 6 11 13 6 16 11 8 12 8 4 16 14 11 13 10 5 10 11 12 7 13 12 11 9 9 6 11 10 14 14 13 7 13 11 7 6 12 8 8 10 10 13 14 13 6 13 10 5 13 3 14 9 8 1 7 16 6 8 10 9 8 9 7 12 13 2 7 10 11 7 11 7 10 9 8 8 9 10 3 10 12 12 8
36 13 13 11 10 7 7 17 4 12 17 9 6 13 9 6 8 9 11 10 12 15 11 11 10 6 11 10 7 12 10 5 12 12 9 19 10 11 10 6 9 5 13 8 11 9 7 12 8 9 16 5 12 6 7 9 9 8 13 12 9 12 10 11 14 5 19 5 7 7 7 10 12 10 12 10 13 10 9 9 10 14 10 8 4 10 13 14 7 10 9 9 9 11 13 9 12 8 11 15 11
37 16 10 10 12 12 10 9 12 5 14 10 8 13 11 5 12 12 14 12 10 10 12 7 12 12 11 12 15 14 13 14 13 8 8 10 13 8 11 8 7 5 8 10 5 11 9 10 11 16 12 8 10 13 16 9 10 10 18 12 9 13 11 11 9 14 16 11 12 13 15 8 11 8 12 12 7 12 8 11 9 10 4 8 19 17 12 8 14 13 6 6 12 10 11 16 11 14 13 14 8
38 37 25 39 29 19 27 30 35 24 29 36 30 33 33 32 30 38 34 26 20 24 29 24 28 19 30 34 34 19 38 24 27 37 32 35 20 41 41 34 23 31 30 34 20 30 25 29 34 34 28 27 31 20 38 34 27 26 35 32 27 41 30 36 25 15 35 34 24 32 27 31 36 27 32 22 22 34 32 30 28 25 30 23 19 21 28 30 37 33 29 20 30 24 29 28 19 30 26 28 28
39 16 5 8 12 7 9 9 14 9 8 12 9 11 19 15 14 10 6 14 11 15 7 10 10 11 9 5 6 10 8 12 10 14 9 20 8 7 22 8 15 6 8 5 6 6 10 8 9 9 11 9 12 11 10 11 10 16 10 15 10 10 8 13 14 17 8 9 6 13 17 15 15 8 11 11 12 17 11 7 16 10 10 14 13 5 8 9 14 17 10 9 8 9 9 10 6 9 10 8 12
40 11 11 6 12 7 10 3 3 12 9 9 13 9 17 14 10 10 10 8 11 5 11 10 8 10 6 12 14 7 13 13 7 12 7 13 7 14 6 7 13 14 6 9 12 10 17 9 16 15 9 7 8 6 7 8 7 9 15 9 11 5 16 7 7 15 9 13 10 15 11 10 9 8 11 11 7 6 15 15 9 9 7 11 2 9 10 7 11 8 12 7 12 9 12 8 5 12 10 10 7
41 9 10 11 14 8 9 7 7 12 6 14 11 10 12 7 17 16 15 7 7 4 12 9 10 10 15 13 8 9 11 12 7 11 8 10 9 10 12 13 11 6 14 8 11 14 8 7 9 10 9 15 11 5 5 13 8 7 8 17 17 6 13 5 17 12 8 10 9 6 9 7 6 11 5 8 5 11 13 7 7 8 9 5 15 7 6 10 8 7 9 7 15 8 8 9 11 7 10 15 7
42 13 8 12 10 13 12 7 9 8 11 5 15 16 11 12 8 11 7 10 8 11 12 9 6 12 13 8 11 9 15 11 8 9 12 10 11 13 12 11 14 10 5 5 9 10 8 7 13 11 16 7 7 16 9 6 6 8 9 11 13 11 14 10 5 15 13 9 12 9 7 9 10 16 5 10 9 6 7 9 9 12 11 6 9 8 10 11 11 7 5 9 9 8 12 6 6 14 9 18 10
43 27 28 31 30 35 34 33 29 36 24 29 24 27 26 36 35 38 29 29 39 30 35 29 36 25 24 36 32 27 34 40 39 23 30 25 37 35 32 34 28 26 28 34 28 27 29 28 23 34 34 30 24 34 22 31 31 32 33 24 26 37 35 33 18 28 21 29 33 27 32 37 22 28 24 33 34 32 34 41 34 19 35 34 36 32 26 36 38 28 33 33 25 29 24 33 27 46 34 27 21
44 18 7 5 13 16 9 11 15 9 8 16 12 10 5 9 5 11 10 4 8 5 13 14 9 12 14 8 8 11 13 9 9 15 11 10 12 9 11 9 10 11 17 5 6 14 6 13 10 8 15 7 9 16 11 10 12 10 8 10 15 13 7 15 7 6 5 12 8 5 9 16 13 11 10 15 9 13 9 10 12 10 18 7 7 8 9 10 12 15 5 7 6 15 16 6 14 5 8 16 17
45 10 8 7 11 11 11 10 9 10 8 12 12 8 13 11 7 15 9 11 9 8 12 9 5 11 11 10 13 12 6 9 11 11 11 11 14 13 9 13 11 11 7 6 4 6 10 9 10 11 8 7 13 7 9 13 14 10 9 10 10 10 13 10 16 14 18 11 4 15 6 8 10 8 15 11 9 8 10 9 10 11 13 9 8 14 9 7 7 12 12 8 8 7 11 11 13 10 19 4 9
46 13 6 9 8 8 9 13 11 8 10 17 10 6 11 6 5 7 17 9 4 8 10 12 15 5 14 11 7 10 16 5 11 7 14 8 15 9 5 9 13 10 6 10 11 8 11 3 9 14 19 15 4 15 6 8 10 14 14 13 10 5 8 7 9 9 9 8 14 5 11 11 11 12 12 13 9 9 10 6 10 13 12 4 8 10 20 13 8 11 11 9 15 6 11 11 8 8 13 5 6
47 9 7 8 7 12 12 8 13 10 6 8 11 11 10 4 8 11 10 5 10 8 6 11 10 14 9 7 9 12 5 12 9 13 9 14 10 13 15 10 9 8 10 10 8 6 11 5 9 6 11 11 3 9 14 11 11 11 8 8 7 10 13 7 8 8 8 15 11 15 12 18 14 12 13 13 14 10 10 6 13 7 6 8 9 15 7 6 8 8 7 10 13 9 10 14 7 14 10 16 13
48 16 9 7 4 15 5 6 11 15 14 11 12 12 7 9 15 12 13 10 16 19 13 11 18 12 15 6 10 8 6 17 14 9 10 10 15 6 12 8 11 7 10 15 17 12 8 12 16 13 12 7 10 6 6 11 12 11 10 12 12 5 8 9 12 8 14 4 10 12 11 14 10 17 7 10 10 8 19 7 11 9 13 14 15 15 14 11 23 13 14 14 9 13 9 13 9 11 13 22 12
49 26 31 26 21 33 40 34 33 36 26 31 28 26 31 22 31 31 30 32 36 32 30 25 33 27 26 22 23 29 24 25 17 28 16 25 33 24 24 39 20 26 28 29 26 36 29 25 30 32 32 32 26 28 30 25 33 22 21 29 28 32 38 29 23 33 32 27 34 22 27 33 34 29 35 28 17 28 30 27 35 29 25 26 26 25 30 25 34 29 34 25 23 30 20 32 29 28 30 30 25
50 9 10 7 13 7 14 11 14 12 10 6 7 16 10 6 8 11 7 16 16 14 15 8 8 11 8 7 7 16 11 10 5 10 8 6 10 9 7 4 14 7 14 7 12 13 11 8 9 5 9 7 6 10 7 16 10 11 9 6 6 3 10 17 12 6 17 15 11 13 10 15 9 12 7 7 7 11 14 5 9 9 8 11 8 11 15 6 8 4 13 7 13 9 15 6 7 10 11 9 6
51 9 10 10 11 18 6 8 7 12 13 9 9 4 12 13 18 14 15 9 8 11 4 10 8 10 9 16 12 5 10 7 11 10 16 3 9 5 13 11 10 21 13 9 14 6 10 18 6 11 12 11 6 9 9 4 12 11 6 14 6 7 8 8 11 6 9 14 9 10 8 10 7 6 4 11 17 15 13 8 13 10 10 7 8 6 12 4 10 9 8 9 12 11 13 15 12 18 8 9 11
52 14 14 10 9 12 9 8 12 7 9 10 9 11 12 11 11 6 6 14 12 9 6 14 14 14 12 12 8 13 9 7 11 7 14 8 13 10 13 19 10 10 9 13 8 8 8 18 11 12 9 12 8 10 7 7 7 13 9 6 13 11 18 9 5 10 11 7 11 8 7 9 12 12 8 13 13 12 10 11 14 9 14 11 4 13 6 5 7 11 13 9 7 15 7 12 18 7 8 9 12
53 11 17 7 14 12 13 7 13 16 10 5 14 11 7 10 10 4 15 4 7 11 8 6 6 9 8 14 11 11 10 7 8 11 11 11 6 9 13 10 7 9 9 12 11 10 6 14 6 9 14 16 11 7 7 10 11 9 11 6 9 10 7 17 16 11 9 10 10 7 9 10 14 11 7 11 10 12 4 9 12 13 8 11 15 12 4 14 4 5 13 13 13 10 10 3 11 15 13 13 15
54 32 35 37 38 18 34 44 36 36 22 29 27 24 26 31 26 34 40 38 34 41 23 33 42 33 35 35 14 26 37 34 31 33 24 30 24 31 21 28 25 33 28 38 29 36 33 31 36 32 44 33 32 26 31 19 35 24 28 33 27 28 29 20 27 29 35 27 26 22 24 28 35 30 33 23 23 32 31 22 30 31 26 27 32 29 31 24 28 35 27 29 28 25 30 27 38 29 20 36 24
55 13 6 7 7 13 10 5 5 11 10 15 10 8 4 9 10 12 11 7 8 9 7 10 12 5 6 10 8 6 9 9 10 6 11 15 9 7 9 9 17 9 14 6 11 11 10 11 8 14 12 9 12 7 12 8 12 10 8 11 7 7 13 11 8 6 11 8 6 8 13 13 12 3 13 9 11 12 14 11 10 9 7 8 14 9 11 11 12 11 8 9 7 7 12 8 3 8 12 9 9
56 6 12 13 8 16 8 13 9 16 8 15 13 7 10 10 7 9 6 9 13 13 13 8 10 11 11 4 11 6 10 10 13 6 12 7 11 11 10 13 5 11 9 13 14 12 4 6 9 10 8 16 10 5 10 9 11 9 12 7 4 7 9 13 11 8 9 10 9 10 11 15 13 7 5 13 10 17 8 6 9 9 11 10 10 8 9 7 12 9 13 7 8 8 13 11 12 9 10 9 9
57 8 7 14 7 13 7 6 7 5 7 14 10 16 10 19 13 9 8 11 11 15 12 4 13 12 13 8 9 10 7 15 10 7 12 13 13 15 11 15 9 8 10 11 10 14 5 14 11 7 11 8 12 6 7 14 12 9 13 15 12 15 13 10 8 6 10 7 11 10 7 10 5 3 14 7 10 13 6 6 13 7 9 8 14 14 9 12 4 5 13 10 11 11 4 8 10 4 10 10 10
58 10 9 11 12 9 10 9 14 14 10 13 17 7 6 16 8 7 7 13 13 12 12 13 10 15 9 8 11 8 8 13 7 6 4 15 12 10 13 12 6 6 14 10 8 13 10 14 5 14 13 11 10 12 16 10 14 4 13 7 6 11 8 15 15 8 11 12 10 6 5 11 7 9 12 13 9 14 14 8 7 8 12 14 21 8 6 6 10 14 5 11 10 13 13 13 10 12 5 6 12
59 16 13 12 16 8 8 8 13 12 13 13 13 16 15 16 9 13 13 17 10 11 11 10 10 15 10 14 10 9 4 14 13 11 12 12 6 11 13 11 14 7 13 9 13 8 14 13 16 15 15 10 9 14 11 14 14 14 14 7 17 14 11 12 7 12 9 13 11 10 12 9 13 9 10 9 7 8 9 9 11 20 14 10 14 11 11 10 13 5 11 9 11 13 8 12 6 11 19 15 13
60 30 39 24 26 27 24 24 31 25 33 27 28 27 25 32 39 27 29 26 22 46 32 31 31 34 30 30 31 27 23 28 33 37 22 24 35 19 37 27 30 28 27 22 35 39 25 22 36 27 30 27 33 28 31 25 27 35 33 39 31 23 32 30 33 25 22 35 36 28 22 17 21 26 37 35 32 30 28 26 19 25 35 23 24 27 15 21 31 38 30 37 30 34 34 20 32 21 25 20 32
61 7 12 8 8 8 10 9 13 5 5 10 5 6 10 13 10 13 9 9 8 8 14 13 7 9 11 14 8 7 7 12 10 9 12 12 10 10 9 7 11 8 9 8 8 5 8 9 3 15 9 10 8 9 6 13 7 14 7 10 13 9 11 5 8 10 12 5 10 7 8 10 8 10 11 9 8 6 10 8 6 6 11 6 6 11 8 17 11 11 6 9 11 9 9 11 9 10 9 11 13
62 5 12 13 7 11 8 8 12 12 10 9 11 4 10 7 13 14 6 14 6 11 14 8 8 8 14 9 12 12 16 13 13 8 11 14 7 15 14 10 8 6 11 12 7 11 11 12 4 8 10 14 14 8 6 10 11 9 10 17 10 13 15 14 11 14 11 13 9 12 10 16 14 5 10 14 12 13 10 14 15 11 8 10 11 8 7 7 14 8 14 8 11 9 4 7 12 13 9 11 10
63 7 10 13 17 7 10 9 6 11 6 11 14 13 9 9 9 10 12 14 8 5 9 9 8 15 11 9 8 7 8 10 10 10 6 7 12 10 8 7 14 6 11 13 16 8 9 18 7 10 12 8 11 13 13 16 7 13 14 14 9 12 10 6 13 9 10 8 14 14 5 9 9 14 5 17 8 8 13 11 6 12 14 8 11 5 9 15 12 10 7 13 15 10 11 8 10 13 14 9 9
64 10 14 11 9 8 10 6 7 10 16 8 9 8 11 10 12 7 10 14 19 11 9 10 4 11 10 13 12 14 10 10 14 10 16 6 11 13 18 13 6 5 9 7 12 10 14 12 11 13 5 12 8 4 13 19 10 9 15 10 8 8 11 7 8 5 9 7 17 11 10 7 13 16 7 8 13 10 9 10 7 9 7 8 8 13 16 11 7 11 12 6 13 13 15 15 11 10 14 9 10
65 28 27 31 17 26 34 32 33 38 35 29 30 25 43 39 31 37 29 29 35 23 14 36 34 20 25 28 33 43 27 31 33 37 26 31 26 26 24 20 33 21 26 28 40 37 27 28 41 27 29 27 27 29 30 33 33 29 29 41 23 30 27 29 20 26 24 24 24 27 29 28 33 30 30 25 29 16 31 33 28 31 23 28 37 30 19 32 24 37 31 30 33 35 39 31 25 44 28 28 33
66 13 6 9 11 6 11 14 7 17 9 10 14 6 17 9 12 10 9 13 19 15 9 11 6 14 10 9 15 11 10 11 10 10 8 7 12 6 13 9 9 12 14 12 18 10 9 12 10 9 16 6 15 16 16 7 7 7 16 15 8 9 13 11 14 8 11 5 16 10 8 10 7 12 3 8 6 10 4 6 11 11 9 13 7 5 16 14 16 9 11 12 14 14 7 10 7 18 11 7 21
67 11 10 16 14 10 8 6 13 6 8 1 9 16 8 8 9 8 8 16 10 10 9 5 4 14 11 11 15 13 10 15 10 14 10 6 13 11 11 8 7 6 6 9 9 15 15 10 10 6 10 11 8 6 10 8 12 9 10 15 9 11 8 11 6 4 8 7 10 10 16 4 7 12 7 8 8 9 5 9 9 12 12 9 5 6 10 6 6 10 22 10 15 9 16 12 7 10 14 15 15
68 11 7 12 9 6 10 6 6 8 4 7 6 13 8 10 11 10 9 9 9 8 7 15 9 13 7 11 7 8 13 11 5 7 10 11 7 16 12 6 14 7 8 10 12 7 8 8 11 15 12 6 6 7 12 10 7 7 8 4 19 8 12 11 18 14 10 6 9 11 11 8 8 12 7 11 8 12 9 14 9 8 12 9 15 12 11 11 13 10 14 10 12 13 15 10 11 8 8 9 10
69 8 9 9 9 9 5 11 11 6 9 10 12 16 13 10 12 7 6 16 12 6 8 7 8 11 11 12 12 7 5 7 16 12 13 13 17 8 14 13 14 8 16 8 14 14 10 9 15 8 7 11 14 13 24 10 8 10 12 13 8 8 8 12 10 11 6 12 8 14 6 4 11 6 5 9 8 9 7 11 10 12 6 8 10 14 10 11 3 11 9 7 10 11 9 12 10 10 13 11 8
70 12 14 7 11 13 12 11 9 10 7 9 12 13 15 12 8 18 17 11 11 6 10 10 9 12 9 15 11 9 7 13 18 14 15 13 19 14 17 22 6 15 7 16 11 5 13 8 13 12 8 11 13 10 6 15 6 12 16 10 8 16 13 16 16 17 11 11 12 11 20 11 9 8 11 14 11 12 7 8 9 9 13 11 14 13 10 8 8 13 16 14 13 6 17 16 14 14 12 7 10
71 26 30 34 24 25 29 29 27 30 27 22 32 23 32 33 30 23 23 29 29 27 23 22 21 33 29 33 24 23 31 26 28 20 30 26 33 30 33 21 20 21 34 29 28 26 24 39 36 34 29 29 26 29 19 29 28 22 22 39 27 20 34 26 24 30 37 32 26 27 21 28 28 28 31 33 23 29 27 21 37 28 27 22 28 28 34 33 23 20 31 30 23 21 34 23 31 27 21 23 33
72 5 11 9 7 9 5 10 8 11 6 18 10 11 16 12 6 10 8 12 12 16 14 11 6 9 7 9 9 11 13 10 9 8 6 14 10 5 13 7 9 8 7 13 6 7 8 8 6 7 5 6 15 11 7 11 10 9 10 7 10 6 14 10 10 14 11 14 9 12 9 7 14 13 8 12 12 9 14 17 9 10 6 6 11 6 8 10 3 13 5 12 9 10 11 6 7 9 8 10 7
73 11 10 9 13 6 14 8 10 6 10 12 4 6 15 9 15 8 11 8 10 5 12 9 8 4 12 9 10 12 15 11 14 16 5 9 8 17 8 13 2 14 7 10 5 9 7 7 4 9 12 6 9 10 13 10 20 9 9 14 13 9 10 10 12 12 6 8 16 11 5 10 11 9 6 10 9 10 15 10 7 12 15 12 8 14 9 13 19 8 12 7 12 16 7 15 17 4 6 14 18
74 8 14 13 15 6 9 14 11 11 14 5 8 9 11 5 7 6 5 7 9 12 9 8 14 9 9 12 7 13 11 10 9 12 12 6 11 7 10 11 5 15 7 11 5 11 12 9 12 7 10 8 5 6 6 11 9 13 8 5 9 2 9 4 11 9 14 12 9 5 16 8 10 12 14 9 13 14 10 7 9 6 11 9 10 12 17 17 7 8 13 10 10 12 6 12 6 12 13 8 8
75 13 13 9 8 9 11 4 12 5 5 10 11 15 9 11 9 11 10 7 8 5 8 9 6 14 8 5 7 11 6 9 8 13 8 12 12 9 8 4 5 12 11 9 12 10 6 10 12 15 10 10 11 9 11 8 10 10 4 7 11 11 16 8 9 6 13 14 10 12 9 9 11 8 20 18 13 6 10 11 9 7 11 15 10 9 12 9 10 12 13 9 9 9 9 11 12 11 11 12 10
76 29 27 33 34 30 36 34 24 28 22 26 31 26 34 23 40 33 34 38 30 32 29 33 25 29 25 40 20 26 28 35 30 33 31 23 26 38 26 30 34 31 38 36 38 33 24 19 29 32 29 21 32 45 28 39 39 28 27 31 31 34 32 30 30 24 30 34 37 30 36 29 20 34 34 28 25 38 29 41 43 23 37 22 32 34 33 27 30 30 28 25 32 32 24 21 24 31 34 37 28
77 8 11 6 8 9 12 12 4 8 14 10 9 8 12 8 10 11 19 12 9 17 10 9 11 9 5 15 9 18 10 8 12 13 14 12 7 8 13 10 18 8 11 13 12 5 9 5 4 13 10 6 8 6 13 11 11 7 12 11 9 5 4 12 8 13 10 15 8 11 9 21 9 15 8 7 9 18 14 18 5 16 17 12 14 14 7 5 15 9 9 17 12 14 6 8 15 15 12 13 7
78 10 13 13 6 14 11 10 9 16 14 13 12 13 5 7 8 11 13 14 9 12 8 4 10 13 15 15 9 13 13 8 11 11 16 12 7 10 11 10 14 5 10 13 9 8 11 14 17 9 9 11 21 7 9 11 15 14 9 10 11 12 5 6 6 12 8 12 12 11 6 10 8 14 8 13 9 16 10 7 9 9 7 14 14 17 9 9 9 11 8 12 11 15 13 10 10 9 10 8 8
79 16 9 17 11 7 10 10 9 8 9 13 13 7 12 10 6 6 10 10 8 12 12 9 14 12 6 8 10 11 12 8 5 9 7 5 7 11 11 8 14 12 7 13 12 9 8 10 11 5 15 11 13 6 11 9 5 8 15 15 12 16 11 11 10 15 8 12 9 15 13 9 7 11 17 9 8 16 12 7 5 6 11 13 13 14 10 12 9 10 12 6 4 6 11 13 10 4 13 7 8
80 14 9 13 13 14 5 8 7 11 10 8 8 11 11 13 7 7 10 7 9 20 9 11 9 8 9 10 19 10 13 13 15 13 13 9 7 11 6 8 6 6 9 13 13 5 14 5 10 15 10 6 7 7 12 14 9 16 14 5 11 11 16 10 10 9 17 11 9 11 16 11 13 7 11 11 7 8 11 12 11 4 9 15 11 10 9 12 3 5 12 11 8 4 9 10 7 14 7 14 12
81 18 18 9 10 14 10 6 7 14 7 15 12 12 9 13 14 9 11 15 15 19 15 15 13 18 11 11 14 17 14 13 12 14 14 12 13 14 13 16 7 12 13 13 15 13 10 11 9 6 6 16 13 18 10 17 11 13 12 10 13 12 19 17 8 15 9 16 14 9 23 13 12 13 9 16 22 7 21 18 11 12 13 18 10 9 15 8 8 12 12 11 16 12 18 13 9 13 14 12 16
82 27 21 20 27 28 22 26 25 28 24 26 26 22 30 34 28 38 17 24 28 18 31 29 38 32 29 28 25 28 23 20 22 23 22 30 18 32 20 22 22 16 38 21 31 20 30 27 40 25 36 33 28 23 24 27 25 35 28 25 33 25 41 20 23 29 27 23 21 35 38 20 26 17 25 29 28 23 29 27 27 27 25 28 29 31 27 21 22 30 36 20 26 30 25 24 23 21 26 23 29
83 12 6 7 16 11 8 9 7 12 9 8 8 14 8 10 10 17 12 13 11 12 18 6 10 14 8 10 8 9 12 6 13 11 10 8 6 10 16 8 7 13 10 9 6 8 7 14 7 5 10 14 12 9 7 8 12 12 13 8 15 10 16 9 13 9 8 15 14 11 17 11 5 10 10 11 15 12 8 17 14 2 13 9 6 9 11 10 7 12 6 12 8 10 11 18 13 14 8 14 7
84 9 10 8 3 5 10 13 8 14 5 15 11 6 11 14 8 9 13 7 8 15 11 5 8 17 9 13 15 10 11 13 8 9 6 13 10 10 11 9 7 10 12 12 21 9 13 17 10 11 17 7 14 18 8 12 12 13 8 14 15 6 12 15 8 12 11 7 13 11 9 9 8 9 12 14 7 15 7 6 6 12 13 5 8 10 4 13 17 16 11 9 9 7 10 12 16 15 7 8 9
85 15 14 17 10 7 12 12 16 11 14 10 6 10 11 10 7 6 12 10 12 6 7 7 8 7 7 8 13 6 13 10 9 13 9 7 9 10 11 17 11 12 12 8 9 5 13 5 14 8 7 5 11 7 10 11 4 16 3 13 7 11 9 9 13 12 6 11 15 9 9 9 11 12 8 8 11 9 11 8 11 8 17 9 7 6 11 14 5 11 9 12 5 8 11 6 15 8 5 6 15
86 6 6 9 10 11 9 11 11 11 13 12 3 11 11 7 11 8 8 13 10 10 7 11 10 2 6 5 10 14 8 7 8 13 11 11 6 7 9 6 10 9 5 6 10 15 11 9 5 14 3 6 7 8 14 14 12 14 10 7 14 7 9 16 6 7 10 15 5 3 7 8 9 14 6 7 11 9 8 13 9 19 14 7 8 5 8 6 9 4 13 12 12 12 11 6 12 12 10 9 9
87 28 39 26 29 30 21 30 32 27 26 37 25 32 29 19 30 30 36 20 31 27 30 33 29 33 46 31 29 31 26 28 33 32 30 31 27 38 28 36 20 27 28 26 33 32 28 39 32 38 28 26 29 29 30 29 30 36 23 31 34 40 31 38 27 25 36 34 29 32 33 22 31 35 30 32 30 27 39 33 29 33 25 27 30 38 26 34 29 28 40 32 30 28 34 34 38 27 34 22 24
88 9 10 11 8 10 18 10 6 5 15 10 7 11 10 11 11 6 10 15 11 8 16 9 11 12 10 9 6 12 7 10 9 13 11 10 9 14 11 16 10 6 13 11 9 10 10 7 9 17 12 10 11 14 10 13 10 9 13 12 16 7 8 9 12 10 12 8 12 8 14 14 12 8 6 13 10 10 14 8 8 19 7 8 19 5 9 7 9 12 7 13 11 7 18 4 13 14 6 11 9
89 13 8 15 12 7 8 6 12 15 9 9 12 8 11 7 12 13 6 9 12 8 14 11 7 8 8 20 11 14 6 6 10 5 14 19 7 7 12 7 10 13 14 9 8 18 8 8 18 10 7 9 7 8 14 11 5 11 9 12 11 7 11 8 6 5 8 8 11 9 19 8 11 14 10 8 9 7 8 13 15 6 7 6 9 5 7 18 8 10 8 10 8 13 15 15 7 10 9 14 13
90 11 13 10 8 10 12 5 9 18 15 11 6 12 5 15 10 14 8 12 5 13 6 10 8 7 18 14 13 10 12 10 8 13 8 12 10 10 12 10 7 5 10 11 9 9 12 13 9 12 12 14 14 10 12 9 8 10 9 6 14 10 9 8 10 17 12 12 7 8 5 16 13 21 12 9 5 8 12 14 12 9 14 12 7 13 5 11 9 8 10 12 11 9 10 9 7 11 10 11 11
91 11 7 12 13 10 14 11 13 8 4 7 7 10 16 13 7 13 11 6 7 12 12 12 7 11 8 13 6 12 12 13 9 8 16 11 11 7 12 8 16 9 11 8 10 12 8 6 12 12 12 7 6 9 5 12 7 8 4 12 14 12 10 8 10 10 8 17 10 4 7 12 8 10 14 9 6 7 5 13 7 6 13 6 10 10 11 9 10 11 9 10 7 5 15 12 8 10 9 11 8
92 16 17 10 12 12 11 13 16 15 12 8 16 13 13 15 14 11 12 10 12 22 14 14 19 18 16 12 10 9 15 9 18 14 13 9 9 12 12 15 8 9 7 15 13 17 13 21 14 14 11 8 15 10 12 11 19 9 22 11 21 21 16 13 14 17 11 8 18 10 9 12 15 17 10 7 16 15 14 8 14 9 8 19 15 18 24 12 15 16 17 19 13 11 17 18 16 16 12 5 8
93 30 19 26 22 32 27 27 26 26 26 32 36 30 32 33 32 26 29 29 21 27 41 27 32 29 29 20 21 21 21 27 28 24 31 27 31 25 30 20 34 20 29 32 27 25 26 18 30 29 25 22 36 25 34 29 26 34 26 25 35 29 24 27 24 29 25 26 32 26 23 25 29 21 37 36 34 17 36 29 22 33 28 27 21 26 24 28 24 17 32 27 25 26 31 33 21 22 29 23 29
94 8 10 11 5 13 8 8 9 14 7 8 7 14 9 7 13 11 8 10 10 13 11 13 9 6 7 15 6 6 7 9 8 11 16 8 8 14 17 4 12 9 11 13 10 10 9 8 10 9 13 7 10 10 4 7 8 12 12 9 15 11 13 6 12 9 7 7 6 11 10 14 14 10 9 7 9 13 9 8 11 6 11 11 9 11 11 14 6 10 10 8 15 13 6 12 5 14 9 10 9
95 12 11 7 9 8 8 8 11 12 8 12 11 9 11 11 12 14 12 6 11 9 8 4 10 5 12 10 9 9 9 9 9 12 12 5 12 7 7 10 13 9 13 5 10 12 16 10 19 5 18 11 13 10 8 15 13 8 13 8 10 10 12 12 8 7 11 7 8 8 10 11 9 12 11 6 9 13 14 11 11 10 8 4 12 15 11 11 6 6 11 14 6 7 12 7 15 7 8 10 12
96 9 12 9 7 14 5 6 7 9 8 12 10 9 6 6 7 11 12 7 9 13 13 10 8 13 11 13 12 14 14 10 10 10 9 11 10 7 7 12 9 10 12 17 9 9 3 14 11 11 6 6 7 11 8 7 11 9 8 8 8 8 12 9 9 8 6 15 11 15 8 14 15 9 9 6 13 15 7 7 12 11 11 5 12 10 9 11 8 17 10 16 7 7 11 11 7 9 11 6 11
97 6 11 9 8 9 10 12 7 8 17 12 12 10 8 13 5 10 11 12 5 8 10 14 9 7 7 9 10 9 13 10 10 8 7 9 5 11 9 7 14 10 13 9 10 7 7 9 12 12 7 11 11 12 11 8 9 10 16 17 12 9 11 9 9 9 12 6 9 9 15 16 11 9 8 10 6 10 9 7 11 10 8 7 15 15 13 7 8 7 8 12 5 10 5 9 12 12 13 7 7
98 31 29 34 34 33 36 33 28 28 34 41 22 28 28 23 30 25 25 37 30 32 40 32 39 24 39 44 23 33 43 33 21 44 17 28 36 38 27 33 34 25 33 25 35 32 26 17 39 28 34 33 24 30 26 32 34 28 38 34 29 23 32 34 28 22 29 21 34 27 19 33 36 29 25 27 33 31 34 39 24 24 32 26 34 31 35 29 36 27 23 31 33 30 29 39 28 34 27 32 39
