0, 0, 0, 0, 0, 0, 
10, 192, 188, 181, 204, 180, 
20, 185, 181, 197, 205, 191, 
30, 204, 233, 210, 197, 205, 
40, 210, 219, 211, 220, 237, 
50, 205, 199, 203, 188, 190, 
60, 624, 620, 563, 577, 621, 
70, 198, 218, 192, 199, 212, 
80, 201, 201, 220, 195, 191, 
90, 187, 193, 204, 223, 194, 
100, 220, 211, 224, 192, 195, 
110, 451, 454, 448, 456, 455, 
120, 386, 370, 373, 354, 352, 
130, 191, 202, 215, 215, 215, 
140, 216, 206, 218, 205, 191, 
150, 187, 209, 224, 206, 217, 
160, 194, 195, 187, 206, 176, 
170, 553, 531, 544, 562, 563, 
180, 269, 268, 265, 266, 293, 
190, 198, 207, 197, 198, 187, 
200, 219, 197, 205, 185, 203, 
210, 212, 216, 212, 180, 206, 
220, 473, 461, 449, 470, 452, 
230, 385, 333, 373, 365, 344, 
240, 212, 227, 189, 202, 201, 
250, 219, 193, 227, 218, 175, 
260, 182, 188, 200, 198, 187, 
270, 225, 208, 198, 193, 197, 
280, 573, 545, 579, 570, 569, 
290, 270, 207, 261, 231, 259, 
300, 210, 194, 212, 211, 190, 
