0, 0, 0, 0, 0, 0, 
10, 192, 188, 181, 204, 180, 
20, 185, 181, 197, 205, 191, 
30, 204, 233, 210, 197, 205, 
40, 210, 219, 211, 220, 237, 
50, 205, 199, 203, 188, 190, 
60, 596, 599, 563, 577, 591, 
70, 226, 239, 192, 199, 242, 
80, 201, 201, 220, 195, 191, 
90, 187, 193, 204, 223, 194, 
100, 220, 211, 224, 192, 195, 
110, 452, 457, 453, 464, 456, 
120, 385, 367, 368, 346, 351, 
130, 191, 202, 215, 215, 215, 
140, 216, 206, 218, 205, 191, 
150, 187, 209, 224, 206, 217, 
160, 194, 195, 187, 206, 176, 
170, 554, 532, 547, 564, 565, 
180, 268, 267, 262, 264, 291, 
190, 198, 207, 197, 198, 187, 
200, 219, 197, 205, 185, 203, 
210, 212, 216, 212, 180, 206, 
220, 471, 463, 451, 470, 453, 
230, 387, 331, 371, 365, 343, 
240, 212, 227, 189, 202, 201, 
250, 219, 193, 227, 218, 175, 
260, 182, 188, 200, 198, 187, 
270, 225, 208, 198, 193, 197, 
280, 573, 542, 578, 558, 564, 
290, 270, 210, 262, 243, 264, 
300, 210, 194, 212, 211, 190, 
310, 209, 205, 206, 177, 186, 
320, 213, 217, 227, 187, 216, 
330, 467, 443, 435, 458, 458, 
340, 348, 338, 304, 337, 317, 
350, 187, 188, 199, 215, 199, 
360, 194, 170, 198, 196, 189, 
370, 203, 198, 189, 181, 204, 
380, 213, 211, 204, 186, 193, 
390, 568, 558, 571, 559, 586, 
400, 245, 235, 268, 235, 270, 
410, 201, 210, 188, 196, 232, 
420, 196, 166, 194, 192, 191, 
430, 188, 184, 188, 196, 215, 
440, 443, 443, 438, 426, 436, 
450, 323, 343, 351, 351, 323, 
460, 211, 217, 206, 187, 207, 
470, 196, 183, 185, 184, 214, 
480, 202, 205, 167, 179, 182, 
490, 189, 213, 212, 214, 181, 
500, 554, 558, 611, 562, 579, 
510, 181, 188, 246, 216, 203, 
520, 163, 226, 213, 219, 187, 
530, 208, 223, 233, 192, 195, 
540, 199, 199, 187, 209, 198, 
550, 455, 436, 445, 466, 433, 
560, 341, 351, 368, 369, 393, 
570, 198, 204, 198, 222, 207, 
580, 183, 208, 206, 202, 177, 
590, 198, 192, 194, 203, 217, 
600, 199, 197, 190, 220, 202, 
610, 564, 587, 583, 567, 585, 
620, 234, 239, 230, 179, 230, 
630, 177, 178, 194, 226, 203, 
640, 210, 202, 180, 198, 211, 
650, 175, 165, 213, 212, 221, 
660, 431, 441, 459, 432, 414, 
670, 312, 377, 340, 336, 328, 
680, 180, 206, 228, 189, 218, 
690, 201, 185, 186, 173, 230, 
700, 191, 182, 172, 215, 207, 
710, 196, 206, 206, 186, 203, 
720, 574, 566, 559, 566, 562, 
730, 250, 293, 226, 253, 213, 
740, 191, 230, 203, 192, 208, 
750, 191, 204, 171, 189, 222, 
760, 210, 212, 183, 194, 182, 
770, 429, 438, 428, 457, 442, 
780, 375, 390, 340, 367, 341, 
790, 204, 171, 167, 216, 196, 
800, 205, 213, 183, 202, 202, 
810, 202, 204, 228, 224, 199, 
820, 224, 184, 198, 184, 205, 
830, 550, 558, 555, 545, 565, 
840, 245, 246, 244, 250, 264, 
850, 184, 232, 203, 214, 203, 
860, 231, 215, 196, 192, 192, 
870, 224, 181, 215, 204, 209, 
880, 446, 446, 421, 428, 418, 
890, 323, 346, 338, 341, 390, 
900, 188, 197, 202, 199, 226, 
910, 192, 214, 225, 211, 206, 
920, 200, 197, 220, 164, 200, 
930, 196, 203, 212, 204, 185, 
940, 561, 565, 574, 575, 552, 
950, 199, 210, 228, 252, 192, 
960, 181, 181, 208, 203, 226, 
970, 185, 211, 191, 204, 188, 
980, 197, 199, 206, 210, 196, 
990, 418, 448, 442, 453, 439, 
1000, 351, 369, 342, 327, 363, 
