0, 0, 0, 0, 0, 0, 
10, 0.182292, 0.154255, 0.154696, 0.166667, 0.183333, 
20, 0.251989, 0.214092, 0.18254, 0.244499, 0.266846, 
30, 0.242685, 0.200997, 0.19898, 0.237624, 0.246528, 
40, 0.22756, 0.19123, 0.201502, 0.233656, 0.226322, 
50, 0.261044, 0.2, 0.213573, 0.240631, 0.235294, 
60, 0.274497, 0.242742, 0.231949, 0.265871, 0.254078, 
70, 0.281628, 0.25296, 0.239613, 0.265363, 0.260893, 
80, 0.29371, 0.26372, 0.257967, 0.274559, 0.276764, 
90, 0.291931, 0.265098, 0.263182, 0.276268, 0.273751, 
100, 0.293487, 0.26959, 0.26237, 0.27, 0.275248, 
110, 0.263377, 0.234932, 0.23408, 0.243017, 0.247911, 
120, 0.253448, 0.22878, 0.225666, 0.237072, 0.239839, 
130, 0.250145, 0.222987, 0.220285, 0.231533, 0.239092, 
140, 0.242779, 0.217591, 0.217546, 0.230579, 0.233398, 
150, 0.240861, 0.21542, 0.215813, 0.224713, 0.230889, 
160, 0.236485, 0.211515, 0.210811, 0.226868, 0.230482, 
170, 0.219761, 0.196934, 0.195798, 0.212115, 0.216481, 
180, 0.213831, 0.194569, 0.194712, 0.20883, 0.214432, 
190, 0.211201, 0.193928, 0.192277, 0.208169, 0.213228, 
200, 0.208507, 0.192946, 0.190873, 0.2075, 0.212604, 
210, 0.210105, 0.194455, 0.191699, 0.20762, 0.213372, 
220, 0.207768, 0.19261, 0.191117, 0.207691, 0.208031, 
230, 0.210849, 0.192966, 0.192557, 0.209636, 0.210207, 
240, 0.208764, 0.190855, 0.190806, 0.208037, 0.20785, 
250, 0.205566, 0.187314, 0.186599, 0.204545, 0.204183, 
260, 0.205364, 0.185405, 0.184245, 0.204182, 0.203278, 
270, 0.217144, 0.193883, 0.191471, 0.210623, 0.208962, 
280, 0.213615, 0.187875, 0.191125, 0.204923, 0.203055, 
290, 0.213033, 0.186548, 0.191743, 0.202792, 0.201705, 
300, 0.211732, 0.184171, 0.189952, 0.202694, 0.200298, 
310, 0.210993, 0.181906, 0.189102, 0.201016, 0.199781, 
320, 0.208809, 0.179261, 0.187369, 0.198817, 0.197041, 
330, 0.20733, 0.177537, 0.186208, 0.196118, 0.195106, 
340, 0.209633, 0.181093, 0.186357, 0.196541, 0.196748, 
350, 0.214264, 0.18542, 0.191897, 0.201057, 0.203205, 
360, 0.213902, 0.184847, 0.191179, 0.200497, 0.202642, 
370, 0.212669, 0.183566, 0.191267, 0.199655, 0.201283, 
380, 0.213709, 0.18638, 0.19304, 0.203032, 0.205994, 
390, 0.212937, 0.184493, 0.190498, 0.19949, 0.203756, 
400, 0.213822, 0.184645, 0.191859, 0.198577, 0.203939, 
410, 0.211877, 0.182674, 0.191406, 0.198584, 0.20319, 
420, 0.210004, 0.182556, 0.18937, 0.196164, 0.202055, 
430, 0.209278, 0.182416, 0.189751, 0.19481, 0.200887, 
440, 0.207983, 0.18277, 0.189575, 0.192529, 0.200921, 
450, 0.208049, 0.183781, 0.190665, 0.193138, 0.201745, 
460, 0.206319, 0.182097, 0.18873, 0.191997, 0.199759, 
470, 0.205274, 0.182071, 0.18858, 0.191732, 0.199227, 
480, 0.206387, 0.184626, 0.19017, 0.19367, 0.20115, 
490, 0.209708, 0.191216, 0.194341, 0.198579, 0.207174, 
500, 0.21339, 0.199277, 0.198659, 0.206899, 0.215177, 
510, 0.211915, 0.198007, 0.198024, 0.205319, 0.213681, 
520, 0.211311, 0.197595, 0.197306, 0.204174, 0.213399, 
530, 0.21013, 0.19738, 0.197447, 0.203098, 0.212511, 
540, 0.210005, 0.197152, 0.196425, 0.201673, 0.210355, 
550, 0.206704, 0.19412, 0.194537, 0.198299, 0.206172, 
560, 0.206151, 0.192926, 0.193655, 0.19697, 0.204726, 
570, 0.207063, 0.194138, 0.195106, 0.197961, 0.206061, 
580, 0.205353, 0.193472, 0.194778, 0.197578, 0.204815, 
590, 0.204621, 0.192639, 0.193855, 0.197254, 0.204345, 
600, 0.204887, 0.193831, 0.194791, 0.197167, 0.204639, 
610, 0.205572, 0.1965, 0.198213, 0.199771, 0.207183, 
620, 0.207398, 0.198703, 0.199647, 0.201157, 0.208865, 
630, 0.206128, 0.198328, 0.198559, 0.200012, 0.208021, 
640, 0.204956, 0.197394, 0.198229, 0.198872, 0.206811, 
650, 0.205421, 0.197591, 0.199409, 0.199839, 0.207857, 
660, 0.204889, 0.196684, 0.198494, 0.199036, 0.207184, 
670, 0.203906, 0.197171, 0.198413, 0.198713, 0.206199, 
680, 0.203379, 0.197192, 0.197541, 0.198356, 0.205063, 
690, 0.202203, 0.196789, 0.196598, 0.198285, 0.206071, 
700, 0.203713, 0.197973, 0.197714, 0.199158, 0.206725, 
710, 0.20319, 0.196982, 0.19752, 0.198786, 0.20636, 
720, 0.203975, 0.196598, 0.197803, 0.199016, 0.206921, 
730, 0.203471, 0.196416, 0.197367, 0.198289, 0.206112, 
740, 0.203878, 0.197455, 0.19781, 0.198536, 0.206467, 
750, 0.203138, 0.197787, 0.198015, 0.197815, 0.206081, 
760, 0.202322, 0.198084, 0.197516, 0.19701, 0.205861, 
770, 0.20094, 0.197329, 0.197205, 0.197153, 0.204953, 
780, 0.201207, 0.196768, 0.197015, 0.196569, 0.204723, 
790, 0.202698, 0.198229, 0.197019, 0.196968, 0.205137, 
800, 0.201655, 0.197988, 0.196739, 0.196515, 0.204562, 
810, 0.201439, 0.197467, 0.196335, 0.196422, 0.204347, 
820, 0.202295, 0.198177, 0.197654, 0.197644, 0.205349, 
830, 0.201708, 0.198417, 0.196563, 0.195703, 0.204243, 
840, 0.202696, 0.200831, 0.198794, 0.197726, 0.205688, 
850, 0.203378, 0.202668, 0.199428, 0.199061, 0.206175, 
860, 0.203938, 0.203029, 0.19951, 0.199439, 0.206193, 
870, 0.203909, 0.20287, 0.198961, 0.199367, 0.205934, 
880, 0.20412, 0.202724, 0.199222, 0.198682, 0.206265, 
890, 0.20404, 0.202842, 0.198054, 0.198692, 0.205753, 
900, 0.20378, 0.202435, 0.197726, 0.198136, 0.205243, 
910, 0.203735, 0.202543, 0.197423, 0.198185, 0.204625, 
920, 0.203584, 0.202708, 0.197205, 0.197841, 0.204267, 
930, 0.203867, 0.202782, 0.196894, 0.198107, 0.204316, 
940, 0.204322, 0.2035, 0.19736, 0.198973, 0.204246, 
950, 0.204219, 0.203704, 0.197862, 0.199317, 0.204277, 
960, 0.204836, 0.204016, 0.197205, 0.199376, 0.2045, 
970, 0.205222, 0.204014, 0.19737, 0.19958, 0.204293, 
980, 0.204978, 0.20384, 0.197006, 0.199507, 0.203838, 
990, 0.20387, 0.202342, 0.195705, 0.198673, 0.202482, 
1000, 0.204734, 0.202721, 0.195854, 0.199558, 0.202537, 
