0, 0, 0, 0, 0, 0, 
10, 0.182292, 0.154255, 0.171271, 0.171569, 0.188889, 
20, 0.259947, 0.219512, 0.193122, 0.256724, 0.280323, 
30, 0.270224, 0.249169, 0.232993, 0.262376, 0.284722, 
40, 0.279393, 0.250914, 0.24781, 0.284504, 0.277983, 
50, 0.326305, 0.281373, 0.277445, 0.304734, 0.301097, 
60, 0.375926, 0.34939, 0.323323, 0.352608, 0.35899, 
70, 0.385039, 0.357912, 0.334092, 0.357542, 0.368192, 
80, 0.399208, 0.375911, 0.360142, 0.370781, 0.382832, 
90, 0.404352, 0.380995, 0.36818, 0.375, 0.385862, 
100, 0.408904, 0.386114, 0.370894, 0.373333, 0.389901, 
110, 0.358359, 0.331162, 0.321767, 0.32388, 0.341344, 
120, 0.3365, 0.31366, 0.304402, 0.305919, 0.320199, 
130, 0.328894, 0.300946, 0.292938, 0.293723, 0.310355, 
140, 0.316894, 0.289581, 0.284777, 0.288154, 0.300083, 
150, 0.309567, 0.280994, 0.278908, 0.278154, 0.292772, 
160, 0.303629, 0.273969, 0.270025, 0.273627, 0.287668, 
170, 0.278019, 0.251404, 0.246641, 0.252824, 0.264776, 
180, 0.268007, 0.245202, 0.243697, 0.247023, 0.258303, 
190, 0.262276, 0.24192, 0.239362, 0.244278, 0.255084, 
200, 0.256711, 0.238778, 0.23594, 0.241767, 0.252278, 
210, 0.25627, 0.23813, 0.234844, 0.240935, 0.25137, 
220, 0.250209, 0.230473, 0.230394, 0.238353, 0.242828, 
230, 0.250157, 0.228771, 0.229295, 0.238354, 0.242743, 
240, 0.246652, 0.22557, 0.226322, 0.236476, 0.238758, 
250, 0.241938, 0.220885, 0.220918, 0.232506, 0.234276, 
260, 0.240642, 0.218208, 0.21815, 0.231629, 0.232255, 
270, 0.251042, 0.227273, 0.224716, 0.238452, 0.238834, 
280, 0.244885, 0.219992, 0.222366, 0.235456, 0.232136, 
290, 0.243626, 0.217766, 0.22186, 0.233376, 0.229957, 
300, 0.241304, 0.215011, 0.219411, 0.232604, 0.227883, 
