0, 0, 0, 0, 0, 0, 
10, 0.182292, 0.154255, 0.154696, 0.166667, 0.183333, 
20, 0.251989, 0.214092, 0.18254, 0.244499, 0.266846, 
30, 0.242685, 0.200997, 0.19898, 0.237624, 0.246528, 
40, 0.22756, 0.19123, 0.201502, 0.233656, 0.226322, 
50, 0.261044, 0.2, 0.213573, 0.240631, 0.235294, 
60, 0.274497, 0.242742, 0.231949, 0.265871, 0.254078, 
70, 0.281628, 0.25296, 0.239613, 0.265363, 0.260893, 
80, 0.29371, 0.26372, 0.257967, 0.274559, 0.276764, 
90, 0.291931, 0.265098, 0.263182, 0.276268, 0.273751, 
100, 0.293487, 0.26959, 0.26237, 0.27, 0.275248, 
110, 0.263377, 0.234932, 0.23408, 0.243017, 0.247911, 
120, 0.253448, 0.22878, 0.225666, 0.237072, 0.239839, 
130, 0.250145, 0.222987, 0.220285, 0.231533, 0.239092, 
140, 0.242779, 0.217591, 0.217546, 0.230579, 0.233398, 
150, 0.240861, 0.21542, 0.215813, 0.224713, 0.230889, 
160, 0.236485, 0.211515, 0.210811, 0.226868, 0.230482, 
170, 0.219761, 0.196934, 0.195798, 0.212115, 0.216481, 
180, 0.213831, 0.194569, 0.194712, 0.20883, 0.214432, 
190, 0.211201, 0.193928, 0.192277, 0.208169, 0.213228, 
200, 0.208507, 0.192946, 0.190873, 0.2075, 0.212604, 
210, 0.210105, 0.194455, 0.191699, 0.20762, 0.213372, 
220, 0.207768, 0.19261, 0.191117, 0.207691, 0.208031, 
230, 0.210849, 0.192966, 0.192557, 0.209636, 0.210207, 
240, 0.208764, 0.190855, 0.190806, 0.208037, 0.20785, 
250, 0.205566, 0.187314, 0.186599, 0.204545, 0.204183, 
260, 0.205364, 0.185405, 0.184245, 0.204182, 0.203278, 
270, 0.217144, 0.193883, 0.191471, 0.210623, 0.208962, 
280, 0.213615, 0.187875, 0.191125, 0.204923, 0.203055, 
290, 0.213033, 0.186548, 0.191743, 0.202792, 0.201705, 
300, 0.211732, 0.184171, 0.189952, 0.202694, 0.200298, 
