0, 0, 0, 0, 0, 0, 
10, 0.182292, 0.154255, 0.154696, 0.166667, 0.183333, 
20, 0.251989, 0.214092, 0.18254, 0.244499, 0.266846, 
30, 0.242685, 0.200997, 0.19898, 0.237624, 0.246528, 
40, 0.22756, 0.19123, 0.201502, 0.233656, 0.226322, 
50, 0.261044, 0.2, 0.213573, 0.240631, 0.235294, 
60, 0.274497, 0.242742, 0.231949, 0.265871, 0.254078, 
70, 0.281628, 0.25296, 0.239613, 0.265363, 0.260893, 
80, 0.29371, 0.26372, 0.257967, 0.274559, 0.276764, 
90, 0.291931, 0.265098, 0.263182, 0.276268, 0.273751, 
100, 0.293487, 0.26959, 0.26237, 0.27, 0.275248, 
