0, 0, 0, 0, 0, 0, 
10, 192, 188, 181, 204, 180, 
20, 185, 181, 197, 205, 191, 
30, 204, 233, 210, 197, 205, 
40, 210, 219, 211, 220, 237, 
50, 205, 199, 203, 188, 190, 
60, 596, 599, 563, 577, 591, 
70, 226, 239, 192, 199, 242, 
80, 201, 201, 220, 195, 191, 
90, 187, 193, 204, 223, 194, 
100, 220, 211, 224, 192, 195, 
110, 452, 457, 453, 464, 456, 
120, 385, 367, 368, 346, 351, 
130, 191, 202, 215, 215, 215, 
140, 216, 206, 218, 205, 191, 
150, 187, 209, 224, 206, 217, 
160, 194, 195, 187, 206, 176, 
170, 554, 532, 547, 564, 565, 
180, 268, 267, 262, 264, 291, 
190, 198, 207, 197, 198, 187, 
200, 219, 197, 205, 185, 203, 
210, 212, 216, 212, 180, 206, 
220, 471, 463, 451, 470, 453, 
230, 387, 331, 371, 365, 343, 
240, 212, 227, 189, 202, 201, 
250, 219, 193, 227, 218, 175, 
260, 182, 188, 200, 198, 187, 
270, 225, 208, 198, 193, 197, 
280, 573, 542, 578, 558, 564, 
290, 270, 210, 262, 243, 264, 
300, 210, 194, 212, 211, 190, 
