0, 0, 0, 0, 0, 0, 
10, 0.182292, 0.154255, 0.171271, 0.171569, 0.188889, 
20, 0.259947, 0.219512, 0.193122, 0.256724, 0.280323, 
30, 0.270224, 0.249169, 0.232993, 0.262376, 0.284722, 
40, 0.279393, 0.250914, 0.24781, 0.284504, 0.277983, 
50, 0.326305, 0.281373, 0.277445, 0.304734, 0.301097, 
60, 0.375926, 0.34939, 0.323323, 0.352608, 0.35899, 
70, 0.385039, 0.357912, 0.334092, 0.357542, 0.368192, 
80, 0.399208, 0.375911, 0.360142, 0.370781, 0.382832, 
90, 0.404352, 0.380995, 0.36818, 0.375, 0.385862, 
100, 0.408904, 0.386114, 0.370894, 0.373333, 0.389901, 
