0, 0, 0, 0, 0, 0, 
10, 192, 188, 181, 204, 180, 
20, 185, 181, 197, 205, 191, 
30, 204, 233, 210, 197, 205, 
40, 210, 219, 211, 220, 237, 
50, 205, 199, 203, 188, 190, 
60, 588, 588, 560, 574, 580, 
70, 234, 250, 195, 202, 253, 
80, 201, 201, 220, 195, 191, 
90, 187, 193, 204, 223, 194, 
100, 220, 211, 224, 192, 195, 
110, 452, 458, 458, 464, 456, 
120, 385, 366, 363, 346, 351, 
130, 191, 202, 215, 215, 215, 
140, 216, 206, 218, 205, 191, 
150, 187, 209, 224, 206, 217, 
160, 194, 195, 187, 206, 176, 
170, 553, 532, 547, 563, 564, 
180, 269, 267, 262, 265, 292, 
190, 198, 207, 197, 198, 187, 
200, 219, 197, 205, 185, 203, 
210, 212, 216, 212, 180, 206, 
220, 471, 463, 452, 470, 452, 
230, 387, 331, 370, 365, 344, 
240, 212, 227, 189, 202, 201, 
250, 219, 193, 227, 218, 175, 
260, 182, 188, 200, 198, 187, 
270, 225, 208, 198, 193, 197, 
280, 572, 542, 579, 562, 563, 
290, 271, 210, 261, 239, 265, 
300, 210, 194, 212, 211, 190, 
