0, 0, 0, 0, 0, 0, 
10, 0.182292, 0.154255, 0.171271, 0.171569, 0.188889, 
20, 0.259947, 0.219512, 0.193122, 0.256724, 0.280323, 
30, 0.270224, 0.249169, 0.232993, 0.262376, 0.284722, 
40, 0.279393, 0.250914, 0.24781, 0.284504, 0.277983, 
50, 0.326305, 0.281373, 0.277445, 0.304734, 0.301097, 
60, 0.367465, 0.327362, 0.313595, 0.336617, 0.337162, 
70, 0.381362, 0.361092, 0.349611, 0.364347, 0.379577, 
80, 0.373902, 0.366687, 0.35199, 0.366436, 0.382716, 
90, 0.378965, 0.376227, 0.356218, 0.376193, 0.384995, 
100, 0.393253, 0.389946, 0.369939, 0.39001, 0.402057, 
