0, 0, 0, 0, 0, 0, 
10, 0.125, 0.101064, 0.110497, 0.142157, 0.116667, 
20, 0.190981, 0.159892, 0.142857, 0.217604, 0.207547, 
30, 0.179002, 0.157807, 0.158163, 0.20297, 0.190972, 
40, 0.171934, 0.147381, 0.1602, 0.197337, 0.177122, 
50, 0.207831, 0.160784, 0.174651, 0.209073, 0.184447, 
60, 0.229167, 0.203358, 0.18758, 0.22796, 0.20278, 
70, 0.237074, 0.213132, 0.196927, 0.22905, 0.215142, 
80, 0.253096, 0.227295, 0.219019, 0.24131, 0.234336, 
90, 0.252947, 0.230906, 0.223292, 0.245018, 0.235029, 
100, 0.258038, 0.235891, 0.226195, 0.240833, 0.235513, 
