0, 0, 0, 0, 0, 0, 
10, 0.125, 0.101064, 0.110497, 0.142157, 0.116667, 
20, 0.190981, 0.159892, 0.142857, 0.217604, 0.207547, 
30, 0.179002, 0.157807, 0.158163, 0.20297, 0.190972, 
40, 0.171934, 0.147381, 0.1602, 0.197337, 0.177122, 
50, 0.207831, 0.160784, 0.174651, 0.209073, 0.184447, 
60, 0.229167, 0.203358, 0.18758, 0.22796, 0.20278, 
70, 0.237074, 0.213132, 0.196927, 0.22905, 0.215142, 
80, 0.253096, 0.227295, 0.219019, 0.24131, 0.234336, 
90, 0.252947, 0.230906, 0.223292, 0.245018, 0.235029, 
100, 0.258038, 0.235891, 0.226195, 0.240833, 0.235513, 
110, 0.235928, 0.210202, 0.208872, 0.217179, 0.213092, 
120, 0.227705, 0.206876, 0.204588, 0.213707, 0.205709, 
130, 0.226115, 0.204643, 0.20401, 0.209635, 0.206225, 
140, 0.220708, 0.200271, 0.202788, 0.208815, 0.20226, 
150, 0.21986, 0.199283, 0.202936, 0.203337, 0.200468, 
160, 0.217724, 0.198341, 0.200983, 0.205839, 0.200398, 
170, 0.203084, 0.185489, 0.187135, 0.192617, 0.189926, 
180, 0.199877, 0.184769, 0.186719, 0.189733, 0.188192, 
190, 0.197791, 0.184525, 0.184594, 0.189818, 0.185785, 
200, 0.195652, 0.184647, 0.183488, 0.189796, 0.186029, 
210, 0.197746, 0.187206, 0.184599, 0.190502, 0.186153, 
220, 0.195881, 0.185755, 0.184861, 0.191767, 0.182754, 
230, 0.198742, 0.18647, 0.186857, 0.194639, 0.185805, 
240, 0.196592, 0.184891, 0.185424, 0.193509, 0.184206, 
250, 0.193786, 0.181967, 0.181399, 0.19064, 0.181162, 
260, 0.19346, 0.180636, 0.179916, 0.190677, 0.180887, 
270, 0.205057, 0.189113, 0.187263, 0.198192, 0.187482, 
280, 0.201673, 0.183181, 0.187338, 0.195001, 0.1828, 
290, 0.201592, 0.181853, 0.187225, 0.193528, 0.181853, 
300, 0.200582, 0.179589, 0.185552, 0.193796, 0.180915, 
