0, 0, 0, 0, 0, 0, 
10, 152, 144, 149, 160, 143, 
20, 283, 266, 276, 285, 267, 
30, 428, 406, 425, 435, 411, 
40, 571, 558, 577, 592, 565, 
50, 694, 662, 685, 705, 678, 
60, 946, 948, 965, 971, 964, 
70, 1056, 1065, 1077, 1079, 1073, 
80, 1155, 1156, 1166, 1170, 1160, 
90, 1273, 1274, 1272, 1282, 1273, 
100, 1392, 1394, 1391, 1387, 1397, 
110, 1456, 1447, 1432, 1422, 1432, 
120, 1732, 1729, 1685, 1688, 1708, 
130, 1833, 1830, 1786, 1799, 1813, 
140, 1913, 1919, 1877, 1887, 1911, 
150, 2016, 2017, 1968, 1983, 2007, 
160, 2111, 2101, 2051, 2061, 2093, 
170, 2314, 2288, 2255, 2258, 2279, 
180, 2462, 2430, 2397, 2388, 2435, 
190, 2555, 2497, 2478, 2469, 2504, 
200, 2628, 2579, 2559, 2564, 2578, 
