0, 0, 0, 0, 0, 0, 
10, 35, 29, 31, 35, 34, 
20, 63, 52, 42, 70, 70, 
30, 59, 69, 64, 54, 60, 
40, 64, 56, 61, 76, 62, 
50, 104, 81, 80, 74, 76, 
60, 284, 286, 228, 252, 281, 
70, 91, 92, 81, 79, 93, 
80, 106, 109, 125, 96, 100, 
90, 86, 84, 91, 92, 81, 
100, 100, 93, 89, 68, 85, 
110, 39, 15, 26, 29, 38, 
120, 67, 65, 64, 57, 52, 
130, 38, 19, 26, 24, 35, 
140, 27, 20, 34, 40, 22, 
150, 31, 27, 41, 21, 37, 
160, 36, 26, 16, 39, 31, 
170, 50, 41, 39, 58, 57, 
180, 26, 37, 51, 39, 46, 
190, 24, 34, 26, 35, 32, 
200, 28, 31, 31, 32, 37, 
210, 52, 48, 44, 39, 47, 
220, 85, 64, 79, 98, 63, 
230, 96, 66, 79, 87, 83, 
240, 30, 31, 24, 36, 23, 
250, 22, 12, 15, 25, 12, 
260, 35, 23, 25, 40, 30, 
270, 129, 110, 90, 93, 92, 
280, 96, 68, 112, 113, 85, 
290, 56, 28, 54, 38, 43, 
300, 32, 20, 27, 43, 27, 
310, 37, 21, 32, 29, 32, 
320, 28, 18, 29, 21, 21, 
330, 82, 63, 70, 72, 74, 
340, 93, 93, 58, 71, 79, 
350, 81, 81, 90, 86, 100, 
360, 33, 26, 30, 33, 37, 
370, 27, 25, 36, 24, 27, 
380, 52, 53, 57, 69, 84, 
390, 103, 90, 83, 78, 94, 
400, 53, 49, 66, 39, 60, 
410, 17, 20, 29, 40, 39, 
420, 21, 29, 14, 11, 33, 
430, 36, 34, 40, 25, 30, 
440, 78, 90, 82, 60, 88, 
450, 71, 76, 80, 72, 75, 
460, 24, 20, 15, 23, 16, 
470, 31, 33, 33, 34, 39, 
480, 58, 70, 54, 58, 62, 
490, 84, 126, 96, 105, 115, 
500, 176, 224, 192, 225, 247, 
