0, 0, 0, 0, 0, 0, 0, 
10, 192, 188, 181, 204, 180, 945, 
20, 196, 192, 207, 218, 206, 1019, 
30, 233, 210, 219, 204, 212, 1078, 
40, 207, 197, 204, 186, 193, 987, 
50, 209, 192, 199, 188, 203, 991, 
60, 540, 534, 557, 534, 540, 2705, 
70, 264, 283, 301, 261, 254, 1363, 
80, 210, 201, 196, 219, 192, 1018, 
90, 216, 239, 201, 198, 215, 1069, 
100, 210, 198, 200, 194, 194, 996, 
110, 424, 444, 438, 461, 453, 2220, 
120, 365, 349, 343, 340, 361, 1758, 
130, 232, 208, 229, 196, 190, 1055, 
140, 183, 204, 175, 169, 200, 931, 
150, 221, 189, 184, 186, 200, 980, 
160, 219, 216, 197, 164, 185, 981, 
170, 553, 522, 541, 521, 537, 2674, 
180, 265, 245, 283, 259, 258, 1310, 
190, 203, 237, 188, 196, 182, 1006, 
